4318
194 0 199 1
198 81 199 86
188 2 199 2
199 238 199 249
0 190 1 195
0 0 0 7
199 186 199 197
199 88 199 99
153 0 164 0
0 242 0 249
189 0 193 1
198 115 199 118
28 0 39 0
88 0 99 0
0 196 0 205
0 32 0 43
129 0 138 0
100 0 111 0
1 249 9 249
199 105 199 114
199 134 199 145
48 249 59 249
42 0 53 0
199 41 199 52
1 0 4 1
198 119 199 124
0 218 0 228
108 249 119 249
184 0 188 1
198 21 199 26
198 14 199 19
96 249 107 249
0 69 3 71
12 0 23 0
199 70 199 80
197 80 197 90
1 198 2 203
165 0 176 0
21 249 31 249
195 248 198 249
198 3 199 7
199 146 199 156
38 249 47 249
147 249 157 249
0 44 0 55
198 164 199 169
0 180 0 189
73 0 83 0
60 0 64 1
81 249 92 249
180 0 183 1
72 154 74 157
121 0 128 0
198 135 198 146
0 58 0 67
0 94 0 104
0 208 0 217
0 23 0 31
0 116 0 125
125 247 128 249
199 229 199 237
139 0 148 0
0 133 1 138
132 248 137 249
199 27 199 37
198 87 198 98
199 125 199 133
199 177 199 185
0 8 0 17
164 249 173 249
198 43 198 52
60 249 69 249
198 125 198 134
187 249 194 249
1 4 2 9
0 72 1 76
0 150 0 159
181 50 183 53
195 160 199 161
1 247 4 248
5 0 9 1
77 119 78 123
159 2 170 2
26 1 30 2
0 105 0 115
0 86 0 93
119 1 130 1
71 249 80 249
198 218 199 222
113 0 120 0
52 237 57 238
198 53 199 57
2 185 2 196
1 105 6 106
131 1 141 1
198 100 199 104
32 248 35 249
10 249 17 249
0 234 0 241
0 160 0 167
4 103 11 103
65 0 66 5
138 249 146 249
159 1 170 1
0 170 0 179
80 240 82 242
3 104 12 104
0 129 1 132
1 2 4 3
74 1 84 1
198 171 199 176
174 249 185 249
55 0 59 1
75 155 79 156
26 247 31 248
199 208 199 217
0 78 1 81
96 113 101 114
198 8 199 12
32 3 35 5
140 245 151 245
186 3 197 3
196 205 199 207
196 121 197 126
88 12 90 15
196 162 197 166
197 34 198 38
197 91 197 100
0 139 0 149
148 242 151 244
67 0 72 1
197 13 197 20
196 150 196 159
134 110 139 111
198 147 198 157
196 190 198 193
74 248 84 248
120 248 124 249
198 223 199 228
198 64 199 68
198 70 198 80
176 2 187 2
168 248 177 248
2 238 4 241
4 46 5 51
196 81 196 90
3 194 3 204
1 237 1 246
182 46 184 49
154 90 165 90
63 2 64 6
132 244 137 245
195 123 195 133
196 7 196 18
1 12 1 21
120 30 122 33
96 1 98 3
166 122 168 125
195 95 196 100
1 182 1 189
11 159 16 160
70 2 81 2
197 27 198 32
170 226 174 227
129 246 131 249
129 22 136 22
120 23 131 23
5 248 15 248
145 156 148 158
169 247 180 247
190 109 192 112
193 4 197 5
80 193 82 196
4 226 9 227
84 117 86 120
197 243 198 247
185 225 187 228
4 76 4 87
54 207 56 210
133 110 133 120
24 0 25 4
1 66 3 68
16 77 16 86
198 58 199 61
4 68 7 70
60 116 65 117
171 1 179 1
92 99 94 102
180 153 183 155
194 38 195 43
144 242 147 244
2 129 2 138
93 247 95 249
100 70 105 71
1 87 1 96
46 243 47 248
0 229 1 233
1 162 1 173
99 221 102 223
186 248 194 248
12 79 13 84
85 0 87 2
198 198 199 201
144 203 144 213
150 0 152 2
196 40 198 42
119 168 122 170
1 211 1 221
4 229 9 230
84 194 89 195
182 130 183 134
130 16 131 21
36 45 41 46
159 184 161 187
1 47 1 55
168 225 176 225
197 68 197 79
136 120 137 125
6 107 7 112
104 11 115 11
103 1 106 3
96 119 98 121
77 148 84 148
99 248 109 248
168 126 168 136
158 247 160 249
191 191 193 194
68 235 71 237
152 236 157 237
138 248 146 248
32 208 41 208
84 224 92 224
128 32 129 36
1 119 1 128
124 24 124 34
1 222 2 227
111 1 118 1
192 135 197 136
69 240 79 240
132 242 137 243
164 134 166 137
139 152 140 157
48 243 53 244
88 1 90 3
153 1 158 2
196 114 197 119
15 227 16 231
57 139 59 142
134 129 135 134
135 33 140 34
189 35 194 36
106 153 106 163
31 1 35 2
61 119 62 124
196 141 197 146
33 209 41 209
33 105 37 106
117 246 128 246
2 242 4 245
11 4 16 5
63 234 66 236
143 155 154 155
68 154 71 156
115 4 120 5
126 32 127 36
1 141 9 141
129 229 131 232
196 202 199 204
14 1 23 1
147 247 152 248
185 59 190 60
73 87 78 88
77 160 88 160
90 246 92 248
32 196 33 201
86 67 89 69
106 166 107 171
126 77 129 79
138 150 138 161
165 246 175 246
186 222 189 223
1 147 1 156
93 1 95 3
35 70 37 73
74 241 79 242
123 121 126 123
97 21 98 24
6 42 6 53
23 120 23 131
103 117 104 121
197 167 197 177
106 9 111 10
27 3 30 5
49 245 60 245
29 50 31 52
93 184 95 187
125 72 130 73
74 116 75 121
124 174 126 177
131 116 131 127
27 79 28 83
198 229 198 237
183 87 194 87
137 91 139 93
183 88 193 88
121 4 124 6
195 208 197 211
64 21 65 25
128 81 133 82
137 96 140 98
18 117 29 117
119 164 121 167
39 210 42 212
77 215 88 215
1 30 1 37
196 64 197 67
197 186 198 189
183 59 183 70
3 169 4 172
28 128 29 133
61 168 64 170
188 133 190 136
195 194 196 197
71 43 73 46
89 214 91 216
136 12 138 14
161 247 163 249
184 65 185 70
146 169 151 170
84 225 92 225
104 172 108 173
147 71 148 76
177 107 179 110
184 21 185 26
69 20 71 23
29 28 31 30
30 19 31 24
43 239 54 239
91 181 91 192
34 222 36 225
197 49 197 60
84 146 95 146
75 103 75 113
167 131 167 141
103 216 107 217
80 116 81 121
167 245 178 245
54 115 62 115
150 239 160 239
77 195 79 198
195 83 195 92
164 31 167 33
51 154 53 157
77 12 80 14
112 48 117 49
126 228 128 231
145 123 146 128
36 248 45 248
160 3 170 3
2 49 3 52
171 2 174 3
3 206 3 215
198 210 198 217
98 115 101 117
63 16 66 18
20 124 20 135
63 81 64 85
143 90 145 93
1 56 1 65
184 51 187 53
187 242 188 247
196 62 199 63
197 110 198 113
49 52 51 55
102 103 110 103
148 179 151 181
175 226 177 228
194 162 195 167
3 72 3 83
2 175 2 184
32 247 43 247
140 79 141 84
70 158 80 158
0 83 2 85
1 23 8 23
91 13 92 18
95 37 97 39
129 130 131 133
163 86 173 86
39 1 46 1
168 137 169 141
197 181 198 185
163 48 168 49
191 63 191 74
79 74 81 77
93 246 104 246
103 63 104 68
131 184 135 185
132 20 136 21
177 169 182 170
26 197 26 207
125 89 127 91
173 159 175 161
196 105 198 107
178 197 182 198
25 34 30 35
56 28 65 28
36 4 46 4
83 196 84 201
147 18 149 21
196 23 197 26
132 170 136 171
178 174 182 175
118 40 123 41
1 102 12 102
174 132 179 133
55 228 57 231
117 116 126 116
27 239 28 242
67 232 72 233
116 22 127 22
148 204 150 207
6 223 8 225
191 243 192 247
40 37 42 40
73 93 73 104
195 242 196 247
2 216 6 217
14 78 15 83
99 183 103 184
45 234 47 237
107 28 109 31
197 194 198 197
91 42 91 49
99 1 102 3
80 161 91 161
2 10 3 13
74 27 75 30
13 219 13 229
60 183 60 194
136 112 137 117
179 44 184 45
10 110 11 113
11 161 15 162
75 153 79 154
96 110 101 111
131 32 141 32
6 143 9 145
49 188 52 190
182 225 184 228
5 2 9 3
1 139 6 140
105 148 110 149
153 77 157 78
25 124 30 125
48 248 55 248
82 182 83 187
11 245 15 246
54 17 58 18
31 7 36 8
40 113 40 124
42 240 53 240
53 186 54 190
80 197 81 201
123 77 125 80
50 236 61 236
27 245 37 245
1 107 1 118
14 14 25 14
21 172 22 177
43 117 48 118
88 16 89 21
186 94 189 96
43 178 52 178
32 161 34 164
130 77 133 79
129 172 132 174
155 73 158 75
108 232 112 233
34 182 45 182
95 99 98 101
77 149 81 150
29 158 31 160
49 132 60 132
5 17 6 22
62 198 67 199
114 246 116 248
39 62 39 73
64 65 66 68
194 218 194 229
192 67 192 77
173 101 173 112
3 35 3 46
19 226 19 237
89 207 90 211
17 223 17 233
5 9 7 12
47 207 49 210
85 13 87 16
156 201 167 201
168 31 171 33
180 201 180 212
74 91 75 96
130 194 141 194
61 76 62 79
186 65 187 70
1 142 9 142
129 15 139 15
97 4 99 7
116 90 118 93
20 241 21 244
43 82 46 84
90 147 91 152
123 24 123 35
171 169 172 174
106 61 110 62
67 4 69 6
141 5 152 5
84 3 87 4
132 246 139 246
191 189 194 190
161 154 162 159
9 37 13 38
3 147 14 147
120 127 125 128
27 197 27 204
75 243 85 243
76 116 76 126
81 125 92 125
158 41 163 42
178 158 180 161
4 25 4 35
175 169 175 178
194 199 197 201
79 67 80 72
143 230 144 235
165 138 166 141
48 18 52 19
59 166 60 170
93 94 97 95
94 224 105 224
177 151 179 154
120 54 125 55
125 66 126 71
17 248 25 248
114 232 116 234
4 118 5 122
44 216 47 218
105 218 106 222
53 49 54 54
17 71 21 72
151 84 154 85
178 54 188 54
131 162 132 166
181 247 185 248
45 56 50 57
54 62 55 67
91 120 94 121
133 203 136 205
173 187 173 198
139 149 141 151
153 247 157 248
27 18 29 21
70 27 72 30
162 172 165 174
6 236 9 238
43 142 48 143
64 70 75 70
154 91 165 91
136 35 136 45
14 154 15 158
84 43 85 47
116 11 116 18
195 33 196 36
115 241 117 244
3 165 4 168
34 183 37 185
8 70 18 70
99 247 109 247
14 220 14 228
165 180 175 180
118 58 121 60
146 91 149 93
183 83 185 86
163 4 165 6
54 240 65 240
74 146 79 147
74 221 75 226
18 118 20 120
48 114 56 114
191 16 193 18
142 1 145 2
106 15 108 18
134 67 139 68
30 131 34 132
75 239 86 239
89 39 90 44
188 225 190 227
69 98 69 109
140 50 142 53
168 110 171 112
194 149 194 160
14 194 22 194
85 246 87 248
2 147 2 157
38 113 38 123
22 5 24 8
38 174 43 175
5 78 5 86
12 17 15 19
110 29 121 29
134 142 134 153
163 82 166 84
10 179 21 179
70 159 75 160
106 213 111 214
113 141 113 152
169 10 169 21
133 5 137 6
71 103 71 110
14 136 16 139
132 17 137 18
32 189 34 192
77 103 77 113
197 150 197 159
89 220 91 223
152 40 152 51
7 105 12 106
139 233 140 238
149 156 160 156
195 216 197 219
17 78 17 88
76 211 78 214
99 13 99 24
105 117 112 117
169 5 180 5
3 234 4 237
119 113 122 114
156 61 163 61
143 203 143 211
132 110 132 119
84 111 85 116
102 98 107 99
132 231 135 233
1 38 1 46
84 10 87 12
111 164 111 175
3 127 3 137
9 158 10 162
77 220 81 221
2 72 2 80
102 112 104 114
191 98 194 100
155 92 165 92
2 246 9 246
44 244 45 247
55 82 59 83
96 69 98 72
126 12 131 13
3 161 5 163
173 201 175 203
63 238 68 239
54 119 55 123
92 3 92 12
190 84 194 85
132 123 135 124
138 145 141 146
76 45 76 55
3 4 4 9
106 64 106 75
97 239 99 242
84 66 85 70
177 241 178 244
195 101 196 104
60 2 61 6
115 214 116 219
194 202 195 207
1 204 2 208
2 29 2 37
15 232 16 237
20 195 22 198
99 120 102 121
148 35 158 35
179 22 181 25
192 91 193 95
196 127 197 130
115 78 118 80
68 164 70 167
159 43 170 43
194 64 195 69
22 116 32 116
48 8 50 10
56 92 67 92
58 246 61 248
86 101 91 102
146 1 149 2
17 111 19 113
159 140 164 141
179 244 182 246
8 241 9 245
72 3 76 4
102 4 106 5
104 159 105 163
197 229 197 238
49 1 54 2
92 213 92 223
61 26 65 27
115 200 116 204
151 53 152 56
28 134 28 145
72 162 73 167
86 72 87 77
107 63 110 65
189 114 193 115
169 87 180 87
152 242 154 244
39 82 42 84
133 2 138 3
144 108 146 111
5 247 12 247
107 237 111 238
150 173 151 177
13 166 14 171
17 95 20 97
37 224 39 227
82 115 83 120
110 155 111 160
12 40 12 51
104 165 105 170
156 245 166 245
161 163 165 164
2 167 2 174
189 4 192 5
1 143 4 145
32 204 34 207
40 153 51 153
55 21 57 24
56 47 58 50
59 29 64 30
3 223 5 225
3 107 5 110
68 37 68 48
70 247 73 248
141 237 146 238
184 133 186 136
2 86 3 90
166 116 167 121
24 72 27 73
189 243 190 247
3 182 3 191
75 244 76 247
113 109 124 109
114 237 116 240
149 76 158 76
105 12 115 12
14 6 16 8
44 102 55 102
58 206 59 209
63 120 66 122
1 100 11 100
144 120 144 127
147 197 150 199
178 172 189 172
54 218 65 218
145 204 147 207
180 107 181 112
30 126 31 130
59 118 60 122
147 153 150 154
105 118 107 121
131 109 138 109
113 171 121 171
75 157 82 157
113 190 115 193
180 131 181 135
191 117 195 118
25 120 28 122
31 188 31 199
96 43 101 44
168 106 169 109
96 40 100 41
15 129 16 134
59 199 60 204
101 152 102 157
13 140 14 145
16 247 25 247
54 202 55 206
119 148 121 151
134 76 139 77
170 208 171 212
192 44 197 45
25 88 28 90
57 143 58 148
84 32 87 34
93 4 93 15
152 89 163 89
173 119 175 122
174 238 175 243
188 165 193 166
25 195 25 204
24 27 24 35
193 243 194 247
31 33 33 36
34 14 37 16
86 196 91 197
126 24 131 25
46 105 48 108
68 88 68 99
138 243 143 244
80 162 83 163
147 149 150 150
194 121 194 129
120 16 124 17
84 51 84 62
92 230 92 241
33 159 37 160
101 198 103 201
116 2 119 3
23 41 23 51
132 247 139 247
135 66 142 66
2 116 2 127
151 213 156 214
188 37 193 38
32 74 42 74
69 238 73 239
127 244 131 245
134 197 145 197
152 105 163 105
69 119 73 120
160 17 161 21
2 14 2 22
29 79 31 81
150 93 160 93
15 223 16 226
42 214 43 218
154 223 165 223
196 178 198 180
34 83 34 93
20 136 23 137
109 169 109 178
168 51 168 61
131 168 135 169
56 26 59 27
148 125 148 132
131 193 141 193
107 154 107 165
158 122 160 125
1 24 2 28
34 98 35 103
37 56 40 58
179 49 180 53
140 76 143 78
155 3 156 8
190 23 191 28
194 191 194 198
5 63 6 67
177 140 178 144
40 71 43 73
63 77 64 80
99 133 110 133
118 70 119 74
122 2 125 3
144 174 145 179
189 211 194 212
195 151 195 159
138 99 143 100
178 102 181 104
130 236 134 237
141 46 145 47
186 23 187 27
56 2 58 4
110 246 112 248
166 41 177 41
55 226 59 227
1 228 9 228
94 67 97 68
121 34 122 39
134 23 137 24
3 93 4 97
124 196 128 197
36 1 38 3
139 222 141 224
57 108 58 111
68 134 72 135
48 63 49 68
55 70 55 81
190 155 192 158
37 167 40 169
73 233 84 233
121 130 123 133
139 226 141 229
43 238 51 238
154 216 157 217
98 175 98 185
159 149 169 149
10 1 13 3
67 114 69 117
63 200 68 201
83 19 87 20
4 71 7 73
74 98 77 99
98 201 100 203
159 59 163 60
44 174 48 175
99 67 99 77
101 8 111 8
142 203 142 212
154 21 154 32
154 40 154 47
20 153 25 154
77 151 88 151
187 148 197 148
80 44 83 46
104 72 105 77
169 159 172 161
190 236 191 241
4 36 4 45
58 237 67 237
57 128 68 128
172 31 175 33
94 29 94 39
5 52 5 61
14 98 17 100
23 111 26 113
45 131 47 134
193 6 195 9
25 240 26 244
107 231 116 231
76 171 76 182
161 198 172 198
5 237 5 244
72 148 74 151
81 180 81 187
100 150 111 150
106 135 110 136
166 237 175 237
8 154 11 156
134 126 137 128
142 96 145 98
85 94 86 98
66 247 69 248
123 70 124 73
152 189 154 192
2 53 2 64
30 105 31 108
32 113 34 115
114 223 116 225
143 246 151 246
27 163 31 164
159 145 168 145
168 67 172 68
189 108 198 108
161 62 164 64
85 126 88 127
74 216 78 217
111 28 122 28
10 117 13 119
126 127 126 137
165 128 167 130
189 191 190 194
101 17 103 20
176 120 177 124
79 86 82 87
96 115 97 118
24 68 27 70
111 90 113 93
125 107 125 115
84 184 87 186
133 172 136 174
32 96 41 96
4 124 5 129
166 4 168 7
121 72 121 82
25 134 26 137
58 171 67 171
62 245 64 248
156 69 158 72
66 39 66 47
101 161 103 163
107 1 109 3
142 8 150 8
195 15 195 23
116 175 116 185
1 158 2 161
10 128 14 129
12 220 12 227
42 19 43 23
141 154 141 163
192 40 193 43
142 177 142 187
62 72 64 74
52 150 54 153
195 137 197 140
124 35 124 44
183 175 184 178
196 220 197 223
111 35 113 38
111 50 114 52
157 116 165 116
32 81 36 82
20 171 20 178
170 12 171 17
99 81 110 81
147 87 149 90
148 37 150 40
55 232 57 234
4 182 4 191
126 37 129 39
155 40 157 43
177 84 180 86
61 81 62 84
82 121 86 122
101 72 102 76
121 184 122 188
27 100 27 111
26 214 29 215
90 226 93 227
43 144 44 149
30 104 39 104
67 178 68 182
88 53 89 57
49 27 49 35
110 137 110 146
121 206 121 215
141 71 143 73
70 43 70 53
182 206 182 216
13 200 15 203
34 62 34 73
21 118 26 119
76 199 79 201
113 6 120 6
124 172 127 173
196 131 197 134
102 128 112 128
137 20 139 22
24 170 24 181
146 79 149 81
84 222 88 223
196 54 196 61
75 85 85 85
50 129 52 131
64 220 66 223
65 6 66 11
125 44 130 45
192 103 194 105
3 173 6 174
16 2 23 2
20 141 20 152
59 228 64 229
177 184 178 189
47 1 48 5
169 114 169 124
107 66 112 67
82 101 82 110
93 217 95 220
185 169 188 171
191 187 196 188
191 196 193 199
30 6 39 6
89 126 92 127
130 32 130 39
147 54 149 56
189 127 190 132
81 139 84 141
88 30 89 35
94 166 98 167
160 74 161 78
195 212 197 214
129 134 132 135
196 225 197 228
134 81 137 83
125 61 126 65
170 200 171 204
3 148 6 150
87 110 92 111
91 204 91 211
165 233 170 234
173 208 175 211
182 59 182 70
117 200 118 204
144 217 144 226
186 190 187 194
17 142 18 147
63 33 65 35
66 95 67 100
66 192 67 197
118 48 126 48
189 10 191 12
87 217 91 218
196 68 196 77
100 67 102 69
2 230 2 237
32 44 35 46
109 104 110 109
112 163 115 165
131 188 132 192
150 238 157 238
154 139 157 141
110 171 110 179
18 156 18 167
63 178 64 183
69 38 80 38
149 41 149 52
38 177 47 177
5 25 8 26
17 4 18 7
96 8 99 9
101 102 108 102
124 98 125 103
60 59 61 64
183 244 186 245
56 62 57 66
79 159 88 159
105 206 106 210
132 93 136 94
186 57 190 58
140 49 147 49
178 202 179 205
155 242 157 244
121 219 125 220
98 93 99 98
30 45 31 49
38 41 42 42
79 80 80 83
177 105 181 106
48 246 52 247
152 179 154 181
63 10 64 13
180 149 182 152
181 124 182 129
188 228 193 229
119 117 126 117
122 12 125 13
174 102 174 112
99 188 99 199
75 58 75 68
39 245 42 246
67 21 68 24
77 3 80 4
156 120 159 121
37 81 38 86
90 16 90 27
176 64 178 67
196 167 196 175
7 45 8 48
11 243 15 244
34 11 37 13
170 139 172 142
176 165 176 172
176 43 176 53
34 17 35 22
128 74 131 76
79 213 83 214
133 146 133 155
43 65 44 68
186 218 187 221
36 202 47 202
50 121 53 123
90 184 90 195
94 28 105 28
121 105 132 105
99 108 103 109
112 16 113 20
67 159 67 170
80 164 83 165
98 122 98 133
103 174 108 175
126 83 133 83
152 158 160 158
4 159 8 160
113 155 114 159
4 209 6 212
23 231 28 232
58 20 59 24
94 165 103 165
117 12 121 13
78 113 81 115
122 204 122 215
149 126 149 137
12 163 15 165
43 183 43 194
136 104 146 104
28 216 28 227
62 131 63 136
123 124 126 126
162 65 173 65
60 31 61 35
101 104 103 106
88 245 89 248
113 194 124 194
56 5 58 7
136 236 138 238
54 243 59 244
147 94 148 99
167 195 170 197
123 82 124 86
5 36 7 38
171 153 176 154
52 133 52 143
189 104 190 107
76 185 80 186
128 5 132 6
149 71 150 75
27 46 27 57
129 147 129 158
130 116 130 127
142 20 143 25
46 53 48 55
50 209 52 211
100 210 100 220
9 93 20 93
52 173 53 177
77 134 77 145
116 23 117 27
190 149 191 153
49 107 57 107
55 139 56 144
180 16 185 17
29 53 32 54
84 17 87 18
114 148 115 151
15 75 20 76
105 198 108 200
125 86 127 88
184 155 186 158
17 208 18 212
190 61 190 70
52 191 53 196
178 3 185 3
134 47 136 49
8 213 8 222
60 99 60 110
75 75 78 77
87 202 89 205
93 230 93 241
70 179 71 182
77 247 84 247
32 168 36 169
130 111 131 115
164 10 168 11
6 81 6 90
41 141 42 145
80 155 83 156
154 50 154 61
177 127 179 129
40 127 41 132
135 142 136 147
163 46 168 47
170 223 175 224
45 135 47 137
122 7 124 9
164 131 166 133
144 180 147 181
20 236 31 236
72 89 77 90
87 147 89 150
135 87 145 87
124 56 125 60
32 193 34 195
32 108 34 111
119 157 120 162
154 17 156 20
13 9 14 13
56 199 57 203
26 246 34 246
109 216 111 219
142 156 144 158
90 67 93 68
48 115 52 116
92 204 101 204
123 151 125 154
180 72 190 72
17 28 22 29
35 129 37 132
46 58 49 60
66 51 66 62
71 152 74 153
72 108 74 111
108 206 109 210
110 55 111 60
155 144 166 144
98 10 103 11
80 124 87 124
33 39 38 40
136 231 138 233
61 187 70 187
119 121 122 122
145 186 156 186
159 103 166 103
194 141 195 146
12 71 16 72
26 28 27 33
130 175 132 178
181 167 192 167
31 155 34 156
172 175 173 178
163 150 163 158
46 109 55 109
7 139 12 140
27 243 31 244
31 122 32 125
49 216 59 216
55 45 55 55
115 70 116 74
144 18 145 21
180 92 181 95
42 159 53 159
77 189 78 194
108 118 109 123
71 222 72 226
182 21 183 25
108 76 110 78
177 111 178 114
145 159 146 164
168 18 168 29
162 231 162 241
181 222 185 223
22 242 24 244
126 26 134 26
92 188 95 190
132 229 137 230
155 233 158 235
184 5 185 10
130 142 130 151
101 193 103 195
110 30 112 33
193 19 193 29
144 99 145 102
128 64 129 68
170 228 174 229
25 157 27 160
20 68 23 70
39 2 42 3
44 96 47 97
83 38 85 41
40 59 40 69
1 146 9 146
3 154 5 156
4 198 4 206
191 171 194 173
83 202 84 206
68 170 78 170
1 101 9 101
112 8 114 10
8 108 9 112
57 15 66 15
16 240 19 242
44 89 55 89
145 115 146 120
42 45 50 45
53 246 57 247
190 80 195 81
19 5 21 7
36 210 38 212
194 30 196 32
4 137 8 138
6 124 6 133
52 47 52 56
57 158 59 161
58 42 60 45
175 89 176 94
193 109 196 111
28 84 29 87
43 232 44 237
65 84 68 85
118 37 120 39
146 86 156 86
147 221 147 232
160 47 162 49
3 111 5 113
83 108 85 110
64 151 64 162
82 80 87 81
164 98 174 98
42 180 46 181
44 132 44 141
70 5 74 6
122 236 123 240
50 146 51 151
120 24 122 27
128 163 130 166
133 222 136 224
156 209 167 209
83 143 87 144
52 31 52 42
7 233 9 235
42 119 44 121
145 217 147 219
2 38 2 48
11 213 14 215
32 175 37 176
186 33 186 44
184 130 186 132
64 38 65 43
94 4 96 7
50 82 54 83
60 97 63 98
96 183 96 190
31 83 33 86
35 187 37 189
75 19 80 20
138 142 149 142
165 181 176 181
186 120 197 120
23 169 23 178
157 51 167 51
3 17 4 21
185 99 189 100
24 126 29 127
113 41 114 46
83 8 83 15
132 158 134 160
28 72 32 73
116 64 120 65
183 89 193 89
49 217 49 228
188 200 193 201
23 115 31 115
134 37 135 42
36 153 38 156
14 101 14 111
52 63 52 73
5 4 9 5
93 77 94 81
131 35 135 36
139 231 142 232
117 177 119 180
189 218 193 219
5 194 13 194
86 114 94 114
130 195 132 197
71 210 71 221
79 6 80 11
89 4 89 11
110 234 113 235
185 61 186 64
17 195 17 205
7 178 16 178
42 183 42 192
46 61 55 61
46 103 50 104
21 124 22 129
30 221 33 223
101 185 103 187
124 92 127 94
151 152 153 154
196 239 198 241
8 9 9 12
35 83 36 86
5 218 6 222
36 161 40 162
76 26 77 30
9 57 9 68
53 84 55 87
174 28 179 29
106 137 108 139
147 172 149 174
148 189 150 191
116 142 126 142
8 120 17 120
99 129 108 129
110 2 113 3
133 198 138 199
143 61 145 64
17 127 19 129
15 37 19 38
159 3 159 12
62 2 62 9
29 143 39 143
90 243 93 245
14 84 15 88
18 49 22 50
87 207 88 211
49 100 54 101
152 230 153 235
159 152 160 155
159 193 162 194
87 191 89 193
134 135 135 139
20 226 23 228
8 83 11 84
168 85 176 85
55 116 59 117
108 126 113 127
134 112 135 117
138 123 143 124
4 52 4 62
55 189 59 190
57 165 58 170
92 147 93 152
15 176 19 177
138 78 139 82
80 217 82 219
79 116 79 123
160 81 161 86
180 191 181 196
182 135 183 140
99 54 99 64
72 188 76 189
6 239 7 244
73 26 73 33
88 183 89 186
157 246 164 246
185 92 188 93
31 200 31 210
97 154 97 164
50 234 54 235
62 21 63 25
133 7 137 8
69 86 69 97
72 21 75 23
99 225 99 235
157 124 157 134
82 167 83 172
104 229 106 232
105 244 107 246
165 179 175 179
15 144 15 153
99 180 102 182
141 43 145 44
151 197 152 202
178 225 181 227
35 67 37 69
105 61 105 69
64 101 64 112
151 99 152 104
130 219 130 228
82 244 84 246
4 88 5 92
51 10 60 10
149 240 153 241
52 110 54 113
81 82 84 83
96 122 96 133
128 90 139 90
147 109 150 111
152 138 153 141
187 173 188 176
185 45 187 47
18 224 18 233
27 161 31 162
188 137 189 141
174 17 174 27
49 20 51 23
147 10 158 10
62 68 63 71
135 150 136 153
163 87 166 88
2 91 2 99
65 246 74 246
188 109 189 113
136 133 141 134
139 11 141 14
162 20 167 21
88 37 91 38
113 47 121 47
119 56 123 57
124 207 124 218
140 161 140 171
157 200 167 200
67 184 70 186
140 109 143 111
38 238 42 239
147 77 151 78
142 55 144 57
159 106 167 106
26 184 33 184
67 222 69 225
76 70 78 73
162 109 163 114
11 163 11 173
21 180 21 190
66 110 66 119
105 20 109 21
43 223 43 231
125 118 127 120
16 219 17 222
28 148 28 159
62 63 67 64
134 50 136 53
192 168 195 169
92 21 96 22
52 226 54 228
59 219 60 224
148 159 156 159
147 114 150 115
181 4 188 4
195 182 196 186
25 238 36 238
42 241 45 243
48 16 59 16
138 101 143 102
165 76 166 81
170 163 173 165
192 235 194 238
73 200 75 202
121 21 129 21
2 107 2 114
3 27 3 34
72 39 73 42
90 231 91 236
73 134 75 136
91 143 93 145
81 67 83 70
91 1 91 12
113 111 124 111
182 144 193 144
7 89 8 93
147 24 148 28
154 33 163 33
189 14 193 15
3 231 5 233
92 43 94 45
94 196 96 198
101 93 103 95
81 142 82 146
115 166 116 170
133 162 134 166
125 184 130 185
162 123 165 125
116 226 117 230
121 52 125 53
175 140 176 144
90 155 91 160
119 172 121 175
130 66 133 68
141 33 144 35
63 86 64 89
116 163 123 163
14 95 16 97
117 30 119 32
143 168 145 170
114 213 114 222
149 233 150 237
175 184 176 188
11 16 21 16
25 7 30 8
38 26 43 27
121 177 122 182
127 128 132 129
179 241 184 242
80 222 83 224
82 76 84 78
123 166 123 175
162 186 170 186
172 238 173 242
18 45 22 46
86 70 90 71
35 51 37 53
49 185 52 187
98 38 109 38
134 181 137 183
152 215 152 226
7 190 11 191
52 21 52 30
17 114 20 116
117 117 117 128
143 81 145 84
151 212 162 212
77 222 77 231
127 242 131 243
175 78 179 79
48 11 50 13
61 166 66 167
103 152 105 155
171 23 173 26
122 101 123 104
88 22 89 27
2 219 4 221
4 179 9 180
27 14 29 17
39 75 40 80
60 148 61 152
132 4 139 4
143 6 148 7
77 152 87 152
34 97 42 97
94 63 96 65
167 82 169 84
36 98 37 103
58 76 59 81
60 37 63 39
125 15 128 17
72 65 73 69
146 176 147 179
12 57 12 68
19 12 24 13
31 88 33 90
48 130 48 141
53 146 55 149
64 131 69 132
86 162 88 164
101 158 103 160
132 12 135 14
139 3 147 3
142 145 147 146
150 90 152 92
169 132 170 136
97 13 97 20
128 121 129 126
146 208 147 213
150 48 151 51
159 234 160 237
58 112 60 114
67 75 69 77
68 234 76 234
124 74 126 76
143 239 147 240
23 217 26 219
20 90 23 91
3 118 3 126
9 221 11 223
138 28 140 30
11 241 15 242
99 142 103 143
176 202 176 211
100 24 105 25
10 107 12 109
37 62 38 66
69 188 70 192
79 98 81 100
109 190 109 200
117 115 124 115
159 188 160 192
162 134 163 138
62 172 63 177
107 32 108 37
18 86 27 86
100 12 100 21
149 116 150 120
27 181 35 181
49 108 56 108
57 51 58 54
163 146 166 148
99 237 103 238
21 21 26 22
32 117 33 120
73 56 76 57
194 26 195 29
143 220 143 229
13 182 16 184
182 35 185 37
176 159 177 162
138 147 142 148
191 132 191 141
191 175 191 186
16 244 19 245
27 74 31 75
28 66 29 71
53 55 54 60
73 74 73 85
163 28 166 29
177 14 178 17
177 48 178 51
11 17 11 25
105 239 113 239
189 39 190 44
149 60 153 61
153 79 154 83
115 8 118 9
169 88 170 91
34 10 45 10
87 130 87 141
161 169 163 171
20 237 29 237
117 97 126 97
50 126 60 126
169 44 169 54
46 49 49 50
112 103 113 108
136 129 139 130
16 103 24 103
32 165 34 167
70 32 72 34
46 6 50 7
159 70 161 73
180 41 183 43
86 43 88 45
168 143 172 144
66 228 68 231
113 65 114 70
119 153 120 156
138 195 142 196
168 244 176 244
61 191 64 193
73 232 84 232
126 99 135 99
156 12 157 16
168 63 172 64
169 4 177 4
26 129 27 132
96 42 103 42
182 176 182 183
183 224 190 224
35 113 37 116
150 164 160 164
62 138 63 142
9 95 11 97
154 94 156 96
125 46 128 47
132 19 139 19
56 70 56 79
125 178 126 182
157 183 158 188
21 209 21 219
3 175 4 178
19 3 22 4
31 153 34 154
51 180 54 181
118 239 119 242
97 81 97 90
28 196 28 204
49 173 51 175
67 65 69 67
97 243 99 245
166 206 168 208
27 58 27 67
75 148 76 151
97 173 102 174
127 202 128 205
183 160 193 160
34 35 43 35
142 149 146 150
76 104 76 111
181 200 182 203
12 216 14 218
38 99 43 100
56 169 56 177
136 184 141 185
111 13 111 22
119 78 120 81
128 170 131 171
144 129 147 131
165 34 167 37
181 156 182 161
183 206 184 211
36 109 40 110
24 39 27 41
37 18 37 29
54 197 65 197
147 57 152 58
45 95 52 95
85 200 88 201
92 191 95 192
190 222 193 223
10 143 12 145
164 105 172 105
95 140 96 144
111 176 112 180
114 140 115 144
173 168 174 172
34 197 35 202
39 48 42 50
62 129 67 130
155 24 156 29
37 172 44 172
93 108 94 111
117 14 118 17
162 93 170 93
176 125 179 126
7 17 10 19
146 9 156 9
30 9 37 9
113 113 114 118
170 123 175 124
36 5 46 5
74 218 78 219
77 7 78 11
84 5 85 9
159 224 159 233
91 178 96 179
187 74 190 75
40 213 41 217
110 4 114 5
18 78 20 80
93 215 98 216
134 54 136 56
165 150 165 161
70 102 70 109
165 13 168 14
181 212 181 219
29 55 29 64
31 133 35 134
181 55 183 58
89 45 90 49
101 6 106 7
101 225 102 229
125 32 125 42
11 234 12 239
60 206 65 207
5 7 9 8
101 83 110 83
65 13 68 14
153 51 153 58
184 181 185 184
61 178 62 183
152 134 154 137
165 192 166 197
81 101 81 110
185 213 194 213
36 147 39 149
63 143 63 154
99 118 102 119
181 59 181 70
190 147 197 147
95 34 97 36
179 46 181 48
188 116 190 118
41 113 42 118
158 242 161 244
30 239 31 242
83 101 85 103
147 138 149 140
124 129 125 133
46 62 53 62
48 233 49 237
87 94 92 95
95 201 97 203
123 87 124 91
124 169 126 171
15 166 17 169
115 245 126 245
135 213 137 216
111 140 111 149
188 16 190 18
191 225 193 227
32 28 33 31
102 115 105 116
126 80 133 80
137 149 137 156
64 212 65 217
77 244 80 246
13 149 13 158
38 206 42 207
126 2 127 6
142 221 142 229
72 47 73 52
177 22 178 25
194 15 194 22
195 222 195 229
19 164 20 168
86 187 89 189
143 185 151 185
168 216 170 218
192 215 194 217
23 28 23 35
39 113 39 120
144 22 145 25
119 42 123 43
14 117 17 119
16 67 18 69
32 50 34 52
25 190 30 191
56 205 63 205
137 35 138 38
156 202 161 203
163 184 174 184
170 6 171 11
172 79 173 83
173 204 174 207
192 10 194 12
58 93 60 96
113 195 115 198
156 63 158 66
82 2 83 6
140 38 147 38
34 226 36 228
56 134 58 136
56 123 60 124
75 137 76 141
166 39 170 40
141 105 151 105
41 85 46 86
68 122 75 122
188 23 189 26
193 68 193 75
80 210 84 211
11 41 11 51
93 57 98 58
138 23 141 25
165 238 166 243
53 139 54 142
104 212 105 215
115 172 115 179
9 136 11 138
106 176 108 178
117 214 119 216
30 26 34 27
62 99 63 103
155 83 159 84
174 192 178 193
60 48 60 58
85 99 90 100
67 58 69 60
70 199 72 201
91 193 93 195
104 54 105 57
120 69 122 71
193 57 195 59
19 214 19 225
32 234 35 236
48 69 51 71
16 73 20 74
156 104 164 104
13 94 20 94
17 234 18 237
101 15 104 16
192 106 195 107
68 27 68 36
126 109 130 110
192 137 193 141
193 149 193 158
14 193 22 193
98 164 106 164
143 65 145 67
40 199 43 201
80 235 82 238
172 17 173 20
12 195 14 198
33 62 33 73
63 58 65 60
76 205 77 210
140 91 142 93
177 32 179 34
116 148 117 151
137 94 146 94
181 84 182 88
8 171 10 174
185 48 187 50
72 94 72 105
90 238 91 241
155 54 155 61
170 99 181 99
80 216 88 216
21 245 25 246
79 180 80 184
163 66 164 70
11 6 12 9
32 23 35 24
67 40 67 47
23 233 31 233
102 122 103 127
119 190 130 190
138 5 140 7
144 71 146 73
154 197 154 205
194 46 197 48
74 43 83 43
178 7 179 11
5 181 5 191
48 119 49 122
83 95 84 98
87 115 88 120
94 239 96 242
131 142 133 145
172 157 175 158
180 166 187 166
180 235 191 235
15 108 17 110
29 138 31 140
112 55 112 63
162 76 164 78
12 74 13 78
38 125 42 126
102 202 103 206
184 146 185 150
15 40 15 51
83 240 86 242
143 50 145 53
3 58 3 65
87 113 94 113
130 212 137 212
124 226 125 230
135 162 139 163
76 79 77 84
85 175 96 175
64 124 69 125
80 31 83 33
99 29 106 29
153 40 153 47
181 229 182 234
7 81 11 82
176 61 178 63
6 231 9 232
22 214 25 215
80 111 83 112
126 30 129 31
151 87 154 88
44 18 47 20
18 83 22 84
106 142 107 146
125 240 126 244
151 203 152 207
195 70 195 79
48 20 48 28
78 104 78 112
24 226 25 229
56 137 59 138
76 62 81 63
101 148 104 149
124 198 127 199
162 8 169 8
165 100 168 102
168 166 169 169
173 233 174 236
8 36 17 36
36 90 47 90
121 232 123 235
135 106 137 108
88 132 89 135
186 97 190 98
3 14 5 16
24 49 26 51
84 226 86 228
112 78 114 80
168 113 168 121
192 132 194 134
29 182 33 183
50 96 54 97
50 141 51 145
55 150 58 152
125 84 129 85
144 182 151 182
158 126 158 135
186 8 191 9
23 9 25 11
70 241 71 245
55 235 62 235
17 152 19 154
107 85 115 85
118 34 120 36
114 90 115 94
126 153 127 157
128 232 128 241
89 228 94 229
138 173 143 174
150 18 153 20
108 229 111 230
39 81 47 81
134 206 136 208
146 101 148 103
134 175 135 179
146 187 150 188
79 169 79 179
13 172 14 177
25 26 25 33
43 2 46 3
69 39 69 48
104 192 107 194
126 98 135 98
126 192 127 195
142 27 146 28
142 199 144 202
149 219 149 228
174 195 177 197
178 207 179 211
26 43 31 44
79 15 82 17
190 30 193 32
26 208 30 209
128 2 132 3
165 226 169 227
148 67 150 69
71 86 78 86
178 137 181 138
27 113 31 114
155 114 159 115
3 193 11 193
15 140 16 143
41 150 44 151
49 3 54 4
102 100 105 101
73 216 73 226
161 175 171 175
61 106 61 114
101 176 104 178
121 134 122 139
166 90 168 92
50 217 57 217
109 90 110 93
134 118 137 119
164 42 171 42
18 201 22 202
155 218 157 221
148 32 150 34
188 51 190 53
6 154 7 158
17 63 20 64
84 22 84 31
95 125 95 134
96 220 98 223
145 231 146 236
155 231 158 232
153 168 153 178
194 49 196 51
65 79 68 81
34 36 43 36
122 149 126 150
5 29 6 32
20 231 22 233
75 13 76 18
101 190 103 192
156 58 164 58
185 173 186 178
7 197 7 206
8 133 12 134
100 60 109 60
123 186 132 186
165 211 169 212
50 207 53 208
52 92 55 93
52 230 54 232
61 85 62 89
98 88 101 90
71 230 74 231
127 70 130 71
56 11 58 13
110 210 112 212
118 118 120 120
126 162 127 166
175 127 176 131
12 85 13 88
14 204 14 212
29 232 40 232
53 68 56 69
112 13 114 15
115 54 119 55
181 28 185 29
24 196 24 204
71 183 71 191
59 46 59 53
129 136 130 139
132 16 139 16
139 54 140 58
6 78 8 80
47 242 55 242
99 99 101 101
105 47 107 49
10 180 11 183
15 238 22 238
90 164 91 167
160 4 162 7
177 173 184 173
92 23 92 33
37 7 41 8
47 31 48 35
115 205 119 206
168 192 172 193
35 190 37 192
106 104 108 106
167 172 169 174
180 199 190 199
25 61 26 64
83 145 90 145
159 13 160 16
25 79 26 83
74 100 78 101
99 175 100 179
109 159 109 168
138 203 139 207
27 97 30 99
36 199 38 201
3 98 7 99
26 103 26 110
34 41 36 43
78 225 80 227
84 64 92 64
160 50 168 50
116 36 117 41
4 130 5 134
47 186 48 190
80 126 84 127
169 23 169 30
184 57 184 64
191 204 193 207
22 71 22 81
101 45 101 55
8 148 9 153
81 158 88 158
131 149 132 152
160 44 167 44
44 179 52 179
144 152 146 154
30 14 31 18
33 229 42 229
6 113 7 118
64 208 65 211
37 221 39 223
101 216 102 220
126 160 130 161
175 106 176 110
176 229 177 233
72 180 75 182
82 220 87 221
186 84 189 86
16 15 24 15
21 239 24 240
66 21 66 28
82 197 82 205
100 61 104 62
127 130 128 134
169 205 171 207
172 117 176 118
92 116 94 119
148 200 150 203
187 145 192 146
158 28 159 32
165 177 169 178
183 125 184 129
110 68 112 70
122 63 124 65
144 215 147 216
111 221 113 224
170 119 172 122
176 177 181 178
33 244 43 244
70 124 70 133
23 55 25 57
86 5 88 7
134 200 136 202
66 71 66 78
79 187 79 194
126 102 129 104
127 42 130 43
150 95 153 96
34 95 44 95
83 142 92 142
99 130 108 130
103 218 104 222
157 3 158 7
184 78 185 82
153 215 153 223
65 88 66 91
89 153 92 154
137 144 144 144
41 66 42 70
186 185 187 189
48 161 48 172
59 103 59 111
88 74 88 82
133 91 136 92
139 126 143 127
162 52 163 56
128 48 128 58
4 213 6 215
10 238 10 246
39 188 41 190
85 52 87 55
132 238 134 241
29 165 30 169
160 129 164 130
19 183 20 186
59 17 62 18
21 142 21 152
179 88 179 98
32 157 37 158
53 225 61 225
67 136 72 137
108 98 110 101
27 234 31 235
24 36 27 38
55 211 56 214
59 153 62 154
69 17 71 19
127 61 129 63
28 105 29 109
96 75 97 79
50 63 51 68
25 91 28 92
26 185 29 186
45 100 48 101
83 207 86 208
84 182 87 183
110 73 113 74
148 230 151 231
158 39 161 40
195 235 196 238
16 213 18 215
37 59 39 61
113 62 115 64
116 19 118 21
145 33 147 35
151 37 159 37
166 152 168 154
87 85 91 86
138 119 142 120
159 179 160 183
165 69 169 70
99 209 99 220
103 13 108 14
19 205 19 213
49 117 52 118
73 168 76 169
78 26 79 29
101 243 104 245
115 67 118 69
122 14 131 14
130 87 133 89
147 147 150 148
182 109 183 112
41 161 46 162
172 34 173 39
186 55 190 56
77 45 79 47
151 34 159 34
12 22 15 23
58 172 59 175
83 86 86 87
101 196 104 197
112 97 113 100
119 125 122 126
186 195 193 195
123 208 123 218
153 4 154 8
188 61 189 65
27 22 29 24
135 9 137 11
61 50 63 53
100 151 107 151
118 49 121 51
146 15 149 17
155 45 155 52
43 17 53 17
147 82 149 85
57 207 57 214
94 15 95 18
115 113 115 120
116 57 117 60
194 113 195 116
92 207 93 211
90 50 91 55
143 171 151 171
116 141 125 141
145 54 146 58
161 188 168 188
40 154 50 154
3 151 5 153
108 49 110 51
187 132 187 140
137 239 142 240
148 208 149 213
58 238 62 239
161 121 165 122
79 39 80 42
110 151 111 154
117 231 118 234
35 195 46 195
161 131 163 133
183 94 185 96
18 98 20 101
55 29 58 30
64 19 67 20
112 144 112 151
74 39 76 41
83 105 85 107
192 208 194 210
10 226 11 230
84 213 88 214
166 111 167 115
21 133 24 135
8 71 11 72
38 170 41 171
74 71 75 74
178 20 181 21
92 112 100 112
16 17 17 21
165 228 166 232
178 120 179 124
7 49 10 51
59 84 60 89
5 95 7 97
12 110 13 114
32 210 33 213
43 212 51 212
94 96 97 98
155 142 159 143
25 176 27 179
126 232 127 237
7 209 9 211
179 140 181 142
23 142 26 143
97 207 98 210
179 187 180 190
43 197 53 197
28 45 29 49
123 178 124 182
84 191 86 193
54 156 59 157
54 219 55 222
57 69 61 70
72 235 76 236
94 199 98 200
131 73 140 73
76 94 81 95
133 192 141 192
186 5 188 7
95 150 95 160
43 37 44 40
93 123 94 126
110 110 117 110
179 213 180 216
193 183 194 186
59 143 59 152
161 117 165 118
127 182 132 183
140 85 145 86
10 195 11 198
36 180 40 181
89 137 90 140
126 7 129 8
129 235 138 235
150 80 151 83
154 240 157 241
12 95 13 100
111 76 115 77
11 121 12 124
80 132 81 135
98 171 105 171
105 202 106 205
137 103 144 103
25 150 27 152
78 228 80 230
97 25 99 27
111 7 119 7
182 103 190 103
21 167 22 171
29 151 38 151
58 230 62 231
74 44 75 48
150 228 154 229
38 173 48 173
4 114 5 117
149 3 152 4
159 146 162 148
17 130 17 138
38 140 40 142
70 115 72 117
98 156 100 158
17 122 18 126
78 60 82 61
173 92 174 97
99 141 106 141
119 195 119 202
192 63 193 66
87 105 88 109
141 203 141 212
11 200 12 204
43 113 50 113
50 24 51 28
60 65 63 66
62 219 70 219
78 79 87 79
80 123 87 123
97 128 97 135
107 22 108 27
112 137 113 140
137 168 139 170
162 17 164 19
171 60 173 62
191 127 193 129
46 46 49 48
168 182 173 183
60 243 64 244
185 90 188 91
20 155 25 156
32 239 33 243
55 187 59 188
92 103 101 103
97 205 101 206
101 26 105 27
177 36 181 37
188 220 192 221
4 195 6 197
74 31 76 33
5 167 6 172
68 110 69 113
70 65 71 68
111 199 118 199
169 94 170 97
53 129 57 130
60 138 61 142
165 235 169 236
190 181 190 190
107 221 109 223
161 165 169 165
55 110 56 113
151 149 154 150
168 239 169 242
111 23 112 27
132 221 141 221
74 162 76 164
100 240 108 240
136 69 138 71
11 11 12 14
38 203 41 204
70 206 71 209
106 114 109 116
185 211 188 212
193 230 194 233
24 45 26 48
9 23 10 27
66 154 67 158
171 106 172 109
76 65 84 65
77 124 78 129
99 78 101 80
146 44 148 46
192 239 194 242
122 58 123 62
147 116 148 120
51 241 58 241
170 19 170 26
194 175 195 178
7 213 7 221
20 203 22 205
30 144 34 145
99 132 108 132
138 115 142 116
55 58 58 59
108 79 111 80
148 36 155 36
164 126 167 127
166 163 169 164
70 24 72 26
21 95 25 96
54 11 55 15
98 33 102 34
139 36 143 37
11 184 12 189
70 75 72 78
114 235 119 236
38 127 39 132
56 42 57 46
74 137 74 144
127 168 130 169
133 128 133 135
40 146 42 149
45 144 48 146
79 202 81 205
7 32 14 32
101 188 104 189
172 6 179 6
53 160 53 170
53 39 53 48
68 158 69 162
143 129 143 137
170 44 170 52
40 24 43 25
53 70 54 73
91 19 96 20
92 138 93 141
126 40 133 40
99 122 100 126
124 18 126 20
11 31 21 31
12 20 15 21
72 144 73 147
115 155 116 160
77 234 85 234
170 166 172 168
18 87 27 87
19 140 19 147
42 87 46 88
143 68 146 70
161 24 162 29
191 19 192 22
191 40 191 47
74 227 76 229
107 75 115 75
54 34 59 35
79 88 82 90
36 107 40 108
62 105 62 114
41 14 42 17
74 97 81 97
86 243 89 244
112 213 112 220
118 237 121 238
147 50 148 53
138 46 140 48
143 112 146 114
172 69 172 78
61 188 64 190
113 227 114 230
115 220 118 221
147 144 154 144
151 189 151 196
189 6 192 7
63 107 63 115
101 96 109 96
123 221 125 223
191 54 191 62
6 119 7 123
99 84 103 85
115 209 116 213
187 35 187 44
193 46 193 56
42 127 43 132
69 13 72 15
24 129 25 132
137 88 140 89
194 60 195 63
47 40 49 42
67 209 69 211
74 195 75 199
173 218 174 222
179 65 180 69
32 137 33 140
33 122 33 130
40 136 43 138
69 24 69 32
95 139 105 139
117 167 118 170
165 66 167 68
190 33 194 34
74 210 75 215
108 39 113 40
108 159 108 170
159 135 161 138
60 21 61 25
27 147 35 147
156 204 158 206
159 220 161 222
29 153 30 156
35 47 42 47
52 124 55 125
54 25 55 28
160 224 161 227
104 108 107 110
55 178 56 182
111 161 115 162
153 71 154 75
8 175 10 177
165 185 173 185
182 100 184 102
6 13 7 16
70 220 70 227
90 93 97 93
136 25 137 30
162 142 169 142
9 90 18 90
5 33 7 35
28 57 28 65
45 120 47 122
59 210 60 215
116 112 118 114
136 189 147 189
50 218 50 228
42 208 45 209
44 183 45 186
67 188 68 191
124 95 127 96
125 4 125 11
19 39 23 40
133 195 137 196
150 65 155 66
186 104 188 107
10 4 10 12
67 7 74 7
97 178 97 185
98 134 109 134
128 100 133 101
147 134 148 137
155 117 159 118
165 94 166 97
170 100 171 104
122 72 122 80
141 164 141 172
8 98 11 99
67 51 68 54
85 198 88 199
98 13 98 20
54 191 59 192
72 53 74 55
117 137 119 139
122 146 125 148
124 200 126 202
134 78 136 80
153 99 161 99
23 106 24 110
108 201 109 205
108 242 109 246
43 158 53 158
5 200 6 203
18 134 19 137
55 127 62 127
66 240 67 245
86 167 89 169
97 106 98 109
100 57 103 59
101 166 103 169
130 91 131 94
187 10 188 13
117 84 119 86
182 73 190 73
185 201 185 209
58 62 59 66
126 111 127 115
189 123 193 124
6 161 8 164
67 172 68 177
55 2 55 9
74 114 77 115
162 81 162 88
162 202 169 202
118 61 120 63
156 46 158 48
79 101 80 105
140 18 141 22
33 171 36 172
36 44 44 44
54 19 57 20
57 96 57 106
64 96 65 100
94 193 96 195
119 243 123 244
123 49 125 51
142 58 144 60
150 208 150 215
172 13 175 14
179 13 181 15
41 165 43 168
133 226 136 228
67 73 71 74
104 198 104 206
109 137 109 145
36 217 37 220
62 31 65 32
80 139 80 146
88 179 89 182
138 50 139 53
52 198 61 198
160 101 164 102
72 58 74 60
45 138 47 141
71 47 71 54
119 90 122 91
147 121 147 128
172 199 175 200
71 131 75 132
31 185 33 187
50 85 52 88
110 162 110 170
116 107 124 107
27 219 27 226
69 37 76 37
118 102 121 103
181 220 185 221
150 128 155 129
173 212 178 213
187 119 195 119
24 157 24 166
45 58 45 67
88 58 90 61
100 63 102 66
121 153 122 156
123 187 126 188
153 102 158 103
154 13 155 16
155 160 156 163
72 243 74 245
154 122 156 124
157 18 159 20
68 150 70 153
194 70 194 79
63 230 64 233
153 62 160 62
126 54 127 59
136 177 138 179
86 65 90 66
99 159 100 163
128 142 129 146
147 160 148 164
92 104 93 107
99 144 99 151
134 43 135 46
173 140 174 145
177 165 178 168
180 7 183 9
31 66 32 70
106 179 109 180
10 216 11 220
77 55 81 56
88 212 97 212
170 80 171 84
6 57 7 62
29 199 30 204
38 183 41 185
7 39 8 44
12 166 12 174
15 124 16 128
31 97 33 99
54 159 56 161
66 202 66 211
68 197 71 198
81 188 85 189
105 112 109 113
133 190 138 191
143 161 144 164
184 137 185 140
186 197 189 198
112 152 112 160
48 193 51 194
93 23 96 24
117 181 120 182
129 191 129 198
175 182 178 183
11 28 16 29
35 75 36 79
61 202 63 204
116 94 118 96
130 179 132 181
137 95 145 95
143 176 143 184
78 138 78 145
100 107 107 107
115 13 115 20
188 67 189 70
42 7 45 8
103 72 103 79
108 153 109 156
121 191 124 192
134 27 135 30
4 135 8 136
39 233 40 237
108 124 112 125
174 80 178 81
192 174 193 178
70 173 75 174
145 165 150 166
17 8 19 10
35 124 37 127
46 182 47 185
48 201 51 202
68 171 75 171
179 184 182 185
189 173 189 180
93 181 95 183
10 57 11 62
133 64 137 65
45 147 46 150
59 2 59 9
111 102 111 109
25 180 35 180
53 199 55 201
164 59 167 61
167 146 169 148
181 146 183 148
39 176 46 176
36 48 38 50
69 175 69 183
133 95 135 97
170 27 172 29
44 222 44 231
54 173 55 177
133 209 137 210
163 176 164 180
16 144 16 154
138 83 139 86
148 219 148 226
154 193 155 196
96 150 96 158
46 111 50 112
102 241 106 242
156 165 156 175
7 127 9 129
36 17 36 24
48 216 48 223
56 119 58 121
120 98 123 100
131 43 133 45
133 54 133 62
151 106 152 110
155 145 158 146
174 37 176 40
177 156 180 157
172 201 172 212
104 95 114 95
25 161 26 165
132 156 136 157
136 61 140 62
161 204 162 208
194 52 195 56
113 53 113 61
64 51 65 54
109 129 112 130
160 79 163 80
162 9 169 9
32 13 32 22
79 84 88 84
183 11 184 15
39 191 41 193
41 56 44 58
63 123 71 123
95 113 95 121
173 67 175 69
176 119 184 119
188 162 191 164
6 188 9 189
46 8 47 11
93 73 94 76
159 195 160 198
15 9 16 13
49 105 53 106
190 82 194 83
13 43 13 51
37 144 39 146
186 15 187 18
177 201 177 211
10 125 12 127
58 129 61 131
184 74 186 77
126 27 130 28
171 48 175 49
53 31 56 32
85 71 85 78
150 97 153 98
41 122 43 124
94 162 96 164
152 38 157 39
29 141 33 142
38 178 42 179
71 125 75 126
82 134 83 138
151 215 151 224
11 205 11 212
102 88 105 90
128 167 135 167
39 28 41 30
62 54 62 62
70 79 72 81
40 19 41 23
81 9 82 13
119 129 120 133
114 145 117 147
30 214 33 215
53 21 54 24
81 71 84 72
95 135 96 138
13 121 21 121
43 219 45 221
159 172 161 174
26 192 27 196
65 106 65 115
180 90 184 91
96 29 98 32
35 204 36 207
75 24 78 25
128 175 129 178
129 140 134 141
157 190 157 199
175 134 179 135
177 145 178 149
72 185 75 187
7 86 9 88
80 166 80 174
104 226 106 228
116 10 124 10
74 78 81 78
118 227 119 230
137 39 140 40
167 78 169 81
33 177 37 178
105 234 106 238
185 239 186 243
27 133 27 141
53 135 55 137
83 35 85 37
50 48 51 51
95 53 98 55
163 232 163 239
20 234 25 235
47 43 52 44
118 75 120 77
93 87 96 88
172 155 175 156
180 71 187 71
195 230 196 233
80 47 81 51
99 131 108 131
137 222 138 226
190 92 191 96
24 23 26 25
15 111 16 114
25 211 29 212
38 213 39 217
70 54 70 61
93 32 93 39
117 43 118 46
56 55 58 57
120 213 120 221
138 210 140 212
15 205 16 209
144 76 145 80
81 18 82 21
120 106 127 106
123 155 123 162
61 41 63 43
169 34 170 38
190 230 191 234
144 184 154 184
25 138 26 141
146 18 146 25
158 217 161 218
171 194 172 197
179 236 182 237
183 229 186 231
9 39 17 39
174 82 176 84
67 10 76 10
44 91 47 93
187 155 189 158
29 120 30 123
36 89 43 89
74 49 75 52
131 234 138 234
187 101 194 101
189 203 189 210
188 45 190 47
4 74 8 75
70 96 71 100
135 164 139 165
155 197 155 206
35 117 37 119
39 150 39 160
67 15 68 18
81 229 84 231
89 128 92 129
109 14 110 18
159 109 161 112
169 128 170 131
43 152 51 152
47 63 47 71
52 182 54 184
114 137 116 139
29 221 29 228
50 91 51 94
89 80 92 81
98 140 108 140
25 174 29 175
127 18 129 20
162 187 170 187
173 230 175 232
10 206 10 213
30 224 33 225
44 129 47 130
86 103 89 104
171 88 178 88
60 172 60 182
185 161 186 165
104 187 115 187
106 55 109 57
186 214 191 215
136 74 143 74
188 123 188 132
12 150 12 158
160 12 168 12
165 52 167 54
113 175 114 178
118 148 118 155
122 164 125 165
142 88 146 89
186 149 189 150
121 195 123 197
180 55 180 63
188 186 188 194
38 53 45 53
43 14 50 14
131 37 133 39
60 226 69 226
92 196 93 200
38 240 41 241
58 90 61 91
61 185 64 186
74 62 74 69
82 180 85 181
149 157 156 157
85 130 86 134
141 9 145 10
186 21 190 22
3 192 10 192
7 170 7 177
60 76 60 83
86 170 87 173
89 108 92 109
95 40 95 47
177 91 178 94
22 52 24 54
93 221 95 223
160 45 168 45
40 101 41 105
48 81 49 85
91 173 96 174
173 149 175 152
13 101 13 108
15 188 16 191
65 48 67 50
76 128 76 136
84 63 92 63
91 69 95 70
94 61 97 62
112 200 113 205
128 206 128 215
174 62 175 65
182 32 184 34
50 30 51 34
65 153 65 162
79 106 80 110
194 88 194 97
19 160 21 162
60 158 62 160
165 162 173 162
57 14 64 14
164 109 167 110
24 144 26 147
56 219 57 224
106 41 107 46
123 135 124 140
157 52 160 54
160 199 171 199
4 207 8 208
16 180 20 181
23 71 23 80
164 204 168 205
30 40 32 42
68 100 68 108
137 45 145 45
27 77 32 78
40 160 47 160
53 6 54 9
120 202 123 203
134 31 141 31
97 194 98 198
23 184 25 186
30 82 30 90
124 203 126 205
160 160 162 162
165 221 170 222
92 48 92 58
55 193 56 196
68 168 71 169
165 16 168 17
184 117 187 118
97 91 101 92
77 48 79 50
103 180 105 182
117 87 119 89
15 213 15 222
21 73 21 82
28 110 31 112
43 46 44 50
76 91 80 92
87 96 90 97
164 150 164 157
9 40 9 48
145 220 145 228
169 57 171 59
138 121 142 122
13 132 13 139
184 151 185 154
7 20 10 22
94 225 98 226
131 54 132 58
76 191 76 198
79 134 79 141
94 11 97 12
153 206 154 209
24 17 26 19
178 162 180 164
183 106 185 108
174 163 175 167
10 115 13 116
14 66 15 69
32 37 36 38
36 111 40 112
65 82 69 83
89 115 90 120
15 171 16 175
18 17 19 21
26 228 28 230
43 61 44 64
94 150 94 160
95 104 95 111
105 190 108 191
112 167 112 175
122 226 123 231
127 174 127 181
128 187 135 187
158 25 160 27
163 23 167 24
171 43 173 46
82 91 82 100
185 159 193 159
190 171 190 179
51 226 51 233
64 93 67 94
141 175 141 182
143 212 143 219
164 168 167 169
51 103 55 104
94 213 98 214
184 185 185 189
20 206 20 214
112 190 112 198
182 141 184 143
47 155 50 156
57 242 64 242
97 141 98 144
113 213 113 220
130 84 133 85
138 200 141 201
141 67 142 70
160 95 161 98
17 102 26 102
6 181 8 183
64 138 65 143
165 62 167 64
180 168 188 168
26 153 27 156
44 187 45 190
108 181 115 181
126 226 129 227
162 99 169 99
172 7 173 10
190 78 193 79
150 41 151 46
53 133 61 133
151 31 153 33
165 215 167 217
16 161 17 165
25 220 26 223
35 62 36 66
113 153 116 154
128 114 129 118
150 219 150 226
45 231 47 233
71 227 73 229
94 243 96 245
101 231 103 233
142 192 144 194
43 114 46 116
117 225 126 225
23 192 23 199
70 111 71 114
101 209 104 210
110 86 111 89
114 57 115 60
161 150 162 153
186 181 187 184
8 168 10 170
20 138 23 140
74 165 76 167
104 78 106 80
66 215 70 216
15 65 25 65
44 127 54 127
15 195 16 198
62 145 62 152
70 63 73 64
70 161 77 161
72 210 72 217
155 79 157 82
138 8 140 10
153 67 155 69
161 30 163 32
147 234 148 238
151 187 155 188
97 152 100 153
117 153 117 160
138 135 141 136
157 213 160 214
176 59 179 60
177 236 178 239
32 47 34 49
122 118 124 120
164 111 165 115
174 190 178 191
18 106 19 110
34 196 43 196
61 220 63 222
80 26 82 28
92 85 96 86
117 11 124 11
134 57 138 58
175 26 183 26
59 71 61 74
66 175 66 186
44 21 46 23
45 213 47 215
86 155 88 157
100 47 100 55
99 166 100 169
15 91 19 92
28 36 29 40
98 59 98 68
178 68 178 77
102 111 110 111
16 34 21 35
62 195 65 196
95 237 98 238
147 192 148 196
20 110 22 112
92 201 94 203
107 202 107 210
112 189 122 189
65 71 65 78
119 14 119 21
120 19 123 20
144 106 147 107
149 160 150 163
167 170 170 171
18 85 27 85
146 167 150 168
101 21 104 23
76 202 78 204
83 21 83 29
154 215 162 215
17 182 18 186
55 37 55 44
75 5 78 6
188 27 188 36
8 57 8 67
130 203 132 205
110 118 111 123
142 39 147 40
59 165 66 165
60 156 63 157
137 46 137 53
187 161 194 161
193 179 194 182
30 55 32 57
42 203 50 203
129 239 131 241
29 152 38 152
113 135 117 136
44 72 49 73
69 84 72 85
79 128 82 129
124 231 124 238
138 107 143 108
151 227 158 227
24 74 26 76
49 142 49 149
108 84 115 84
146 65 149 66
180 122 183 123
128 149 128 157
146 41 148 43
172 100 181 100
51 76 52 81
137 241 148 241
5 94 12 94
11 26 18 26
20 53 20 62
76 22 79 23
79 161 79 168
92 165 93 168
111 41 111 49
150 126 153 127
164 224 167 225
182 217 191 217
187 236 189 238
18 195 19 200
77 171 78 175
91 90 95 91
7 30 15 30
101 39 103 41
127 220 129 222
8 116 9 119
24 168 27 169
110 240 111 243
128 86 129 89
136 75 143 75
155 87 158 88
155 148 158 149
155 154 158 155
157 25 157 32
107 68 109 70
118 207 120 209
114 102 117 103
120 239 121 242
144 13 145 17
162 75 171 75
22 207 24 209
90 133 93 135
162 34 164 37
114 108 124 108
81 38 82 41
71 128 75 129
86 38 87 42
86 176 89 178
152 25 153 30
59 232 61 234
172 89 172 97
45 103 45 110
104 122 105 127
133 217 135 220
141 48 148 48
169 152 170 155
51 218 53 220
100 225 100 233
120 44 122 46
76 66 78 69
91 40 94 41
138 26 141 27
183 179 186 180
36 137 39 139
61 214 63 216
115 66 123 66
144 132 146 134
172 129 174 131
29 195 30 198
84 162 84 169
83 47 83 55
119 145 121 147
27 146 36 146
69 195 73 196
149 112 158 112
21 62 24 64
84 92 89 93
37 43 44 43
116 50 117 53
163 240 164 243
34 230 42 230
85 60 87 62
94 231 98 232
166 150 170 151
46 198 47 201
85 138 86 141
104 58 107 59
114 81 117 82
130 58 130 65
139 218 142 220
146 59 148 61
68 241 69 245
100 207 104 208
131 219 131 228
94 147 96 149
155 135 157 137
30 174 37 174
93 153 93 160
94 138 94 145
176 221 177 224
66 33 67 38
85 202 86 206
153 210 157 211
16 89 23 89
35 163 38 164
36 87 39 88
162 39 165 40
163 25 166 26
183 181 183 188
18 47 22 48
38 16 38 24
85 29 87 31
86 233 89 235
103 147 110 147
25 187 29 188
98 86 102 87
28 102 33 103
163 71 168 72
96 217 98 219
135 159 137 161
8 121 10 124
57 171 57 178
102 97 109 97
111 244 114 245
161 119 165 120
170 238 171 242
94 207 96 209
123 143 125 145
16 45 17 50
178 231 180 234
21 104 22 108
5 175 6 178
24 182 27 183
139 176 140 179
33 148 35 150
162 227 164 229
171 132 173 134
185 142 193 142
189 125 193 126
29 25 36 25
51 11 53 14
59 179 59 186
104 142 105 145
142 11 147 12
32 217 34 219
57 73 57 81
65 103 67 105
81 166 81 174
27 206 30 207
152 170 152 177
47 36 49 38
81 225 83 227
125 29 133 29
152 114 154 116
56 84 57 89
72 138 73 143
120 92 123 94
72 237 79 237
110 206 112 209
116 130 117 134
139 190 147 190
152 11 155 12
161 107 164 108
161 233 161 240
176 236 176 243
34 29 35 34
33 13 33 22
101 82 110 82
109 224 110 228
153 119 155 121
34 186 41 186
80 153 87 153
129 46 132 47
146 196 146 203
164 232 164 239
66 106 67 109
90 31 91 34
109 34 110 37
162 178 162 185
164 182 167 183
170 137 177 137
175 17 176 22
150 134 151 138
177 19 186 19
16 216 18 218
80 190 82 192
161 166 163 168
174 34 176 36
9 200 10 203
44 15 51 15
50 39 51 42
64 172 65 175
91 71 94 72
85 23 86 27
131 7 132 11
189 181 189 190
10 64 11 69
72 190 75 192
55 162 63 162
98 35 100 37
148 122 150 124
180 96 182 98
11 52 12 56
46 163 47 168
83 217 86 218
89 198 91 201
117 192 120 193
170 54 177 54
170 115 171 118
41 75 43 77
93 47 93 55
100 185 100 192
124 155 125 158
142 132 142 139
46 25 46 35
58 97 58 107
8 33 10 35
58 176 58 184
37 54 40 55
40 224 42 227
114 16 114 23
125 210 125 217
29 135 31 137
67 206 69 208
86 105 86 113
9 91 13 92
13 234 14 238
130 213 134 214
133 188 142 188
18 130 19 133
48 90 55 90
77 15 78 18
107 188 110 189
148 215 149 218
159 74 159 82
138 213 139 217
186 201 186 210
85 162 85 172
20 220 21 225
15 32 22 32
22 97 26 98
23 93 27 94
48 229 50 231
89 130 93 131
104 94 113 94
181 114 188 114
137 143 145 143
10 130 13 131
34 123 34 130
69 49 69 56
73 12 74 15
73 208 73 215
114 36 115 39
118 184 120 187
47 128 56 128
147 29 151 30
13 188 14 191
41 11 44 13
51 133 51 140
133 180 140 180
37 133 41 134
161 189 163 192
173 113 175 116
31 165 31 172
34 243 41 243
136 138 139 139
170 138 177 138
178 40 178 47
190 121 193 122
77 32 79 34
128 69 135 69
137 42 140 43
144 183 152 183
67 143 69 146
21 51 21 58
138 117 141 118
180 77 183 78
22 178 22 186
71 87 71 95
131 106 133 108
102 30 106 31
95 172 103 172
16 104 17 107
37 75 38 78
43 155 46 156
50 119 53 120
63 224 66 225
100 193 100 200
188 76 191 77
118 121 118 130
70 202 72 205
105 195 108 197
24 58 26 60
91 96 93 98
129 205 129 213
143 115 143 122
150 142 154 143
151 71 152 75
54 166 55 170
176 7 177 11
107 234 109 236
56 67 63 67
85 90 88 91
42 169 46 170
55 36 64 36
78 206 79 210
88 123 92 124
37 234 37 241
56 125 63 125
152 131 156 132
10 148 11 153
138 112 140 114
185 110 187 112
33 53 34 56
85 56 87 58
15 192 22 192
113 30 116 32
131 136 133 139
144 36 147 37
156 56 159 57
163 193 164 197
16 56 16 64
118 183 126 183
192 46 192 54
72 17 74 20
72 183 76 184
120 83 121 86
148 145 151 146
64 133 67 135
82 73 84 75
96 45 99 47
126 216 134 216
41 231 42 234
60 46 65 47
61 93 63 96
77 39 78 42
150 63 155 64
154 106 157 107
45 51 48 52
98 135 101 136
102 52 103 55
146 220 146 227
147 22 150 23
154 169 154 176
161 15 168 15
29 88 29 96
85 83 93 83
133 103 135 105
142 162 142 170
47 191 51 192
50 98 54 99
127 142 127 152
48 213 50 215
97 187 98 192
98 76 98 84
132 63 142 63
159 131 160 134
9 77 11 80
119 67 124 68
41 61 42 65
145 151 153 151
19 43 22 44
44 196 51 196
46 219 46 226
83 56 83 63
114 125 116 128
167 228 169 230
38 187 38 194
76 64 83 64
85 128 88 129
155 21 158 22
160 65 161 69
80 207 82 209
153 197 153 205
60 144 61 147
143 138 146 139
143 147 146 148
54 40 54 48
19 122 22 123
88 28 91 29
155 189 156 192
190 202 193 203
141 141 149 141
174 12 182 12
25 170 27 173
175 101 176 105
9 212 9 220
38 98 46 98
181 38 183 40
30 175 31 179
13 122 14 125
61 208 63 211
84 131 84 138
111 111 112 116
14 185 16 187
125 231 125 239
179 181 181 183
27 12 31 13
30 61 30 68
89 162 92 163
94 127 94 134
136 166 139 167
151 165 154 166
130 153 132 155
76 58 80 59
159 126 163 127
171 136 181 136
93 59 97 60
187 102 194 102
19 51 19 59
81 177 83 179
118 134 120 136
178 221 180 223
61 227 68 227
66 217 70 218
155 207 159 208
104 183 112 183
86 46 87 49
109 53 112 54
168 214 171 215
171 232 172 236
17 188 20 190
120 226 121 229
176 145 176 152
16 41 20 42
43 30 44 34
65 148 67 150
110 190 110 200
51 5 52 8
69 228 70 231
88 87 91 88
149 125 156 125
173 75 174 78
188 79 189 83
140 128 142 130
36 91 39 93
158 168 160 171
53 77 54 81
55 185 58 186
130 208 131 211
153 224 155 226
52 202 53 206
172 50 175 52
69 35 73 36
129 52 133 53
141 41 145 42
68 71 73 72
87 238 89 241
24 213 31 213
38 9 45 9
157 159 159 161
8 13 9 16
22 16 23 19
117 224 124 224
130 198 132 201
174 139 181 139
183 232 186 234
70 175 72 178
128 91 129 95
59 11 61 13
175 75 177 77
175 95 177 97
6 185 9 186
167 158 168 161
20 66 25 67
33 135 37 136
88 170 89 174
141 213 142 217
160 228 161 232
77 179 78 182
90 176 97 176
192 55 192 62
42 204 51 204
116 195 118 197
147 113 155 113
9 199 16 199
10 85 11 88
20 229 23 230
29 231 36 231
71 144 71 151
80 130 83 131
100 144 101 147
170 69 171 72
23 148 27 149
53 94 56 95
62 126 69 126
74 81 75 84
137 200 137 207
174 7 175 10
179 238 182 240
41 79 46 80
67 25 67 32
130 86 137 86
148 11 149 14
155 180 158 181
170 30 177 30
35 140 37 142
110 71 114 72
149 192 150 196
12 205 13 210
89 72 90 77
153 109 156 110
21 164 23 166
110 20 110 28
74 204 75 207
11 33 13 35
92 205 96 206
186 28 187 32
12 180 15 181
24 77 24 84
51 160 52 163
89 105 91 107
97 148 98 151
108 42 109 47
114 99 118 100
162 203 169 203
184 40 185 43
93 170 103 170
39 31 40 34
68 138 69 141
126 50 127 53
153 100 156 101
162 210 169 210
182 193 185 194
111 83 119 83
44 76 47 77
10 40 10 48
79 212 87 212
101 211 109 211
131 72 139 72
157 95 159 97
187 230 189 233
116 116 116 123
62 163 66 164
162 73 166 74
101 212 103 215
20 9 22 11
22 210 29 210
25 103 25 110
136 95 136 102
138 186 141 187
148 70 155 70
156 67 159 68
102 47 104 49
183 196 185 198
113 166 114 170
42 109 43 112
152 160 153 163
142 31 147 32
177 18 185 18
13 230 14 233
28 176 29 179
36 165 39 166
48 181 49 184
95 74 95 81
160 143 167 143
106 88 108 90
131 48 133 50
179 113 187 113
38 51 42 52
56 163 59 164
38 205 47 205
55 96 56 101
19 157 21 159
51 74 54 75
56 38 59 39
82 173 83 176
119 143 122 144
126 9 129 10
140 15 142 17
94 50 96 52
32 94 39 94
48 96 49 99
79 24 82 25
183 212 184 215
23 220 24 224
138 64 142 65
107 72 109 74
29 216 30 219
185 11 186 14
68 193 72 194
77 52 81 53
34 239 36 241
35 120 37 123
183 216 191 216
163 211 164 214
179 143 180 146
90 168 91 172
187 239 189 241
172 145 172 152
27 9 29 11
185 126 187 128
38 218 41 220
136 131 141 132
52 223 55 224
80 34 82 36
80 154 88 154
165 213 172 213
130 95 132 97
102 136 105 138
43 41 46 42
46 63 46 70
112 101 119 101
167 231 170 232
169 188 170 191
21 24 23 27
17 58 18 62
28 170 30 172
87 226 88 231
136 217 137 220
174 43 175 46
157 165 159 167
188 202 188 210
77 130 79 133
171 216 175 217
20 17 20 25
16 155 17 158
152 145 153 148
47 147 48 151
56 40 60 41
31 91 33 93
113 207 116 208
164 220 171 220
188 177 188 184
176 55 179 57
49 164 51 166
104 184 106 186
112 188 120 188
111 132 111 139
166 55 167 58
177 117 182 118
112 240 113 243
130 206 133 207
21 59 23 61
66 138 66 146
95 227 98 229
112 119 114 121
14 59 15 64
31 61 32 64
102 91 105 92
114 182 115 185
123 189 130 189
150 13 153 15
22 142 22 152
89 78 92 79
30 226 32 228
47 21 47 30
51 168 52 172
61 44 65 45
30 10 33 11
114 105 119 106
173 146 175 148
9 163 10 167
82 47 82 55
141 29 144 30
152 193 153 196
149 24 150 28
160 34 161 37
169 125 172 127
101 36 106 37
155 228 158 230
36 198 43 198
40 91 43 92
177 82 180 83
12 24 16 25
167 76 171 77
29 148 32 150
33 57 36 58
104 50 107 51
181 115 188 115
166 156 169 157
177 27 185 27
53 211 54 214
157 100 164 100
122 81 122 89
74 175 75 179
119 95 123 96
176 217 180 218
7 52 10 54
22 216 22 223
119 231 120 234
17 173 19 175
180 121 188 121
184 122 186 124
48 77 49 80
161 13 164 14
164 189 167 190
173 70 175 72
180 31 181 35
20 36 23 38
22 188 24 190
154 152 157 153
182 191 185 192
45 222 45 230
113 24 115 26
183 161 184 165
111 190 111 198
7 28 10 29
70 88 70 95
146 63 149 64
155 176 156 179
96 233 98 235
29 100 33 101
126 206 126 214
117 210 119 213
44 24 45 28
124 159 125 163
65 12 72 12
54 155 63 155
83 88 86 89
94 168 97 169
151 21 153 24
187 19 190 20
13 56 15 58
39 13 39 21
65 177 65 186
155 165 155 175
13 27 20 27
21 99 23 101
33 75 34 79
34 210 35 214
115 42 116 46
121 157 122 162
68 8 72 9
104 84 106 86
183 200 184 203
14 40 14 50
40 155 41 159
178 228 180 230
145 192 146 195
47 224 48 228
162 94 163 98
139 191 147 191
176 214 178 216
70 138 71 141
180 79 183 80
45 123 49 124
170 145 171 149
135 140 138 141
149 94 149 101
177 38 180 39
40 163 44 164
158 176 162 177
57 193 59 196
151 114 151 122
43 125 46 126
160 22 167 22
110 184 112 186
107 224 108 228
49 135 50 140
104 42 105 46
22 157 23 162
51 215 58 215
126 107 129 108
158 189 158 196
186 143 193 143
155 150 160 151
91 74 92 77
5 165 8 166
36 213 37 216
85 50 89 51
161 38 168 38
172 55 173 59
183 236 186 237
188 49 191 50
42 157 50 157
148 106 150 108
141 55 141 62
164 218 167 219
59 134 61 136
93 25 95 27
179 70 179 77
46 187 46 194
120 199 123 200
68 147 70 149
34 242 41 242
85 229 86 232
113 129 114 134
18 169 19 172
127 223 129 225
134 84 137 85
127 135 128 139
176 179 180 180
44 103 44 111
40 94 47 94
84 176 85 179
157 108 158 111
136 59 140 60
126 217 129 219
77 162 78 166
88 89 96 89
45 33 45 40
113 87 116 89
176 68 177 72
15 52 16 55
156 44 159 45
106 122 107 127
94 48 98 49
182 30 185 31
67 11 76 11
9 73 11 76
14 33 22 33
67 212 69 214
29 173 37 173
90 177 97 177
103 32 106 33
139 140 146 140
13 61 13 69
94 82 96 84
83 235 85 238
171 186 172 190
171 89 171 96
162 216 163 221
73 8 76 9
97 236 104 236
115 33 117 35
186 78 187 81
180 74 183 76
17 52 18 57
33 59 35 61
130 102 132 104
127 206 127 214
8 197 8 206
67 202 68 205
102 43 103 46
97 50 99 52
106 91 108 93
41 54 45 55
96 104 100 105
43 74 50 74
29 229 32 230
42 101 42 108
176 116 187 116
186 151 188 153
100 234 104 235
7 130 9 132
18 22 19 25
25 166 28 167
10 231 12 233
6 55 10 56
106 52 108 54
44 165 45 168
187 200 187 209
167 73 171 74
91 59 92 62
117 222 122 223
74 34 76 36
97 137 101 138
155 23 162 23
106 182 113 182
132 74 135 75
49 167 50 170
150 130 151 133
48 199 52 200
173 73 177 74
30 58 32 60
107 184 109 186
43 206 46 207
157 172 158 175
36 30 37 33
155 182 156 185
163 159 164 162
174 58 175 61
77 35 79 37
86 236 89 237
43 101 43 108
103 34 106 35
113 122 115 124
114 104 121 104
131 70 135 71
113 209 114 212
175 219 180 220
13 52 14 55
